00
01
80
10
a0
10
f5
05
b5
f5
00
40
47
00
40
07
07
00
40
07
07
a7
00
01
81
11
05
04
05
c1
81
01
00
14
1f
1f
01
f1
41
81
91
21
31
51
61
11
41
71
81
91
a1
b1
c1
d1
e1
01
11
f1
c0
10
05
07
c1
81
41
01
c1
81
41
01
c1
81
41
01
01
00
50
f7
15
07
9f
80
15
25
07
30
d7
f6
e7
80
e7
0a
1f
30
e7
80
e7
40
e7
c1
a0
c0
07
47
e1
a0
40
c0
00
50
9f
c1
47
e1
07
5f
10
f0
c1
07
47
e1
80
0c
00
df
50
c0
00
f0
07
d5
87
c7
07
06
d0
f0
90
c0
0b
60
5f
10
9f
7c
87
77
f7
fd
05
f5
cb
5f
70
1f
80
67
f5
1f
c1
07
47
e1
df
9f
40
07
06
07
87
f5
00
01
81
11
e6
20
05
e7
05
00
04
c1
81
01
00
a0
f6
05
d0
f5
a0
10
b4
40
9f
00
1f
9f
01
81
05
00
91
21
05
06
c5
50
81
11
80
e9
20
00
d7
04
00
04
c1
81
41
01
01
00
06
24
01
17
c4
24
e5
87
e6
04
06
f4
04
87
87
d6
07
07
f7
c7
d7
17
df
df
a5
37
c5
07
30
c7
05
e5
00
05
17
15
d7
e7
00
35
07
05
c7
06
c7
05
45
85
c5
05
45
85
c5
45
47
c5
77
57
f7
e7
d7
c7
67
17
07
df
05
17
15
d7
37
06
9f
05
1f
05
47
45
c7
d7
e7
00
01
40
00
11
81
91
9f
00
c0
c5
00
5f
c4
5f
a4
14
94
00
07
07
00
45
5f
df
c1
81
00
07
41
01
00
61
67
2d
65
6f
6d
6f
41
2e
00
6f
6d
61
0a
43
47
20
2e
00
00
00
00
00
00
00
00
00
00
00
00
00
00
00
00
00
00
00
00
00
00
00
00
00
00
00
00
00
00
00
00
00
00
00
00
00
00
00
00
00
00
00
00
00
00
00
00
00
00
00
00
00
00
00
00
00
00
00
00
00
00
00
00
00
00
00
00
00
00
00
00
00
00
00
00
00
00
00
00
00
00
00
00
00
00
00
00
00
00
00
00
00
00
00
00
00
00
00
00
00
00
00
00
00
00
00
00
00
00
00
00
00
00
00
00
00
00
00
00
00
00
00
00
00
00
00
00
00
00
00
00
00
00
32
36
61
65
69
6d
71
75
79
00
00
00
00
00
00
00
00
00
00
00
00
