00
00
4c
00
7a
00
00
00
00
00
00
7a
00
00
7a
00
fe
00
7a
00
fe
00
00
ff
00
00
00
00
00
00
00
01
00
00
fc
fe
fa
04
04
02
02
03
03
03
03
02
03
01
01
01
01
04
04
04
04
05
05
00
01
06
00
02
03
03
03
03
02
02
02
02
01
01
01
01
06
00
02
00
00
00
f0
02
00
00
fa
06
06
00
04
05
06
00
f8
07
10
07
04
06
fe
00
00
59
00
00
00
7a
17
59
0e
02
f8
00
00
00
00
f7
04
7a
00
00
00
00
7b
00
03
f4
79
01
00
00
00
00
01
ff
02
00
78
00
00
79
00
7b
f3
00
fc
01
01
01
0f
00
03
0f
ff
de
79
fc
7a
ff
00
fe
00
00
00
00
dc
ed
7a
01
00
fe
00
0f
00
ff
00
00
ff
02
00
02
00
00
00
00
00
01
00
00
02
02
02
00
40
00
00
01
fc
00
ff
f9
fc
02
00
00
02
03
00
00
7a
02
00
02
09
ff
02
00
02
00
00
00
03
03
03
03
04
00
00
03
03
00
00
03
00
fd
fe
fc
00
00
00
40
40
fa
00
00
ff
00
00
00
fd
f3
00
00
00
00
00
02
00
00
00
00
00
00
fe
fe
00
00
08
00
ff
fe
08
00
00
00
00
01
01
01
01
02
02
ff
fc
fe
ff
ff
ff
ff
fe
ff
ff
fa
00
00
00
fe
00
fe
f8
00
ff
00
00
00
fe
fe
f4
00
ff
06
20
00
00
00
b2
00
75
54
80
b9
75
d9
00
00
fe
a0
04
fe
00
57
b3
b0
00
00
40
00
00
01
00
64
20
62
20
67
20
6d
52
2e
00
67
20
64
00
3a
4e
37
30
00
00
00
00
00
00
00
00
00
00
00
00
00
00
00
00
00
00
00
00
00
00
00
00
00
00
00
00
00
00
00
00
00
00
00
00
00
00
00
00
00
00
00
00
00
00
00
00
00
00
00
00
00
00
00
00
00
00
00
00
00
00
00
00
00
00
00
00
00
00
00
00
00
00
00
00
00
00
00
00
00
00
00
00
00
00
00
00
00
00
00
00
00
00
00
00
00
00
00
00
00
00
00
00
00
00
00
00
00
00
00
00
00
00
00
00
00
00
00
00
00
00
00
00
00
00
00
00
00
00
00
00
00
00
33
37
62
66
6a
6e
72
76
7a
00
00
00
00
00
00
00
00
00
00
00
00
