21
01
00
00
22
07
26
26
22
2a
80
27
a5
80
27
27
9e
80
27
a7
1e
a4
80
01
24
26
04
45
1a
20
24
01
80
04
f0
f0
01
2a
07
2c
2a
28
26
22
20
2e
24
2e
2c
2a
28
22
24
26
28
2c
2e
26
0a
0b
47
1e
20
24
24
29
29
2a
2a
2b
2b
2c
2c
2d
01
80
07
0a
0a
05
f0
00
47
0a
84
06
82
ec
8a
07
84
05
f0
07
84
07
8c
07
92
27
06
05
a5
87
26
20
00
05
00
05
f0
27
87
26
c5
f0
07
04
27
ac
87
26
20
16
05
f0
2e
07
06
05
06
97
f7
07
82
04
2e
0c
0d
2b
da
04
f0
06
f0
97
f7
d7
f5
6e
05
75
8b
f0
2e
f0
47
87
05
f0
27
a5
87
26
f0
f0
27
86
a7
0e
a5
75
80
01
24
26
07
07
84
f0
80
04
05
20
24
01
80
07
12
50
07
80
05
05
05
00
f0
05
f0
f0
01
2c
84
05
2a
28
04
09
85
06
05
2e
00
06
07
07
76
00
04
05
20
24
24
29
01
80
07
f7
05
86
06
d4
87
47
8f
9e
80
07
07
86
06
54
c6
46
87
00
80
07
f0
f0
c7
f7
07
96
07
e4
07
6c
80
c6
87
85
8f
e8
80
77
92
07
76
86
f6
a3
a2
af
af
ae
ae
a3
a8
85
87
a8
ae
a0
a2
a4
a6
a8
aa
ac
ae
f0
c6
87
85
8f
f6
96
f0
07
f0
a6
87
85
ae
e8
ea
80
01
05
05
26
24
22
f0
05
05
05
04
f0
04
f0
00
04
1a
07
27
8e
05
05
f0
f0
20
24
07
a0
24
01
80
6f
6e
64
74
72
61
72
55
2e
00
72
61
6f
64
43
28
29
32
00
00
00
00
00
00
00
00
00
00
00
00
00
00
00
00
00
00
00
00
00
00
00
00
00
00
00
00
00
00
00
00
00
00
00
00
00
00
00
00
00
00
00
00
00
00
00
00
00
00
00
00
00
00
00
00
00
00
00
00
00
00
00
00
00
00
00
00
00
00
00
00
00
00
00
00
00
00
00
00
00
00
00
00
00
00
00
00
00
00
00
00
00
00
00
00
00
00
00
00
00
00
00
00
00
00
00
00
00
00
00
00
00
00
00
00
00
00
00
00
00
00
00
00
00
00
00
00
00
00
00
00
00
00
31
35
39
64
68
6c
70
74
78
00
00
00
00
00
00
00
00
00
00
00
00
